NAME: TSPC 
TYPE: TSP 
DIMENSION: 30 
EDGE_WEIGHT_TYPE: EXPLICIT 
EDGE_WEIGHT_FORMAT: FULL_MATRIX
NODE_COORD_TYPE: TWOD_COORDS 
DISPLAY_DATA_TYPE: COORD_DISPLAY

NODE_COORD_SECTION
1 0.23138579397736148 0.5220924391515193
2 0.18059122137639183 0.20225244574468837
3 0.9161751080411066 0.782560463736395
4 0.9954253705224707 0.6466437507261553
5 0.7974958396506606 0.9004178200664205
6 0.31155577370875565 0.6677378675735143
7 0.22258517542611422 0.37795764389074193
8 0.9395582861048669 0.4135190892547437
9 0.7117068520853059 0.9135395125804296
10 0.4628204121151722 0.3369933044766251
11 0.12593972791420271 0.2655989179071532
12 0.71607459306771 0.3350864436559079
13 0.7891212830530379 0.10387550534850365
14 0.6942263929614543 0.7728442573503747
15 0.03144147083591986 0.22779098334605186
16 0.06077678249348262 0.39222596555651423
17 0.8529617819026413 0.40723397003566875
18 0.9803034428920675 0.29341512822003946
19 0.3083502571501938 0.8580671589972237
20 0.5354647316227561 0.7463263579407566
21 0.8126879861864023 0.7974419782068439
22 0.687857111501508 0.764124512005515
23 0.3437450096643053 0.09060546246296208
24 0.278930108207079 0.21712131610625962
25 0.4966660874061538 0.3049178651552278
26 0.9993336929151393 0.22347018483813197
27 0.058408376837426945 0.030522696955055384
28 0.13296774042465753 0.8694318685109427
29 0.70714755845185 0.5226821852348386
30 0.8754165499878604 0.9177932688604347

EDGE_WEIGHT_SECTION
97 133 147 149 146 98 107 136 140 83 133 103 144 115 152 134 120 150 128 98 133 113 134 119 88 159 173 149 90 158
133 157 178 181 177 131 137 168 171 113 161 135 176 146 180 166 153 183 160 130 164 144 163 146 119 192 198 182 122 189
147 178 181 189 186 144 153 179 181 127 178 147 189 155 197 181 164 194 173 142 171 153 179 163 133 203 218 195 133 196
149 181 189 186 191 146 155 180 185 130 182 149 191 160 201 183 165 196 176 145 177 158 182 166 135 205 221 198 134 202
146 177 186 191 179 142 152 179 176 126 178 146 188 153 198 181 164 194 171 140 170 151 178 162 132 203 217 194 133 193
98 131 144 146 142 90 105 133 136 80 131 99 141 111 150 133 117 147 122 94 130 109 131 116 85 156 170 142 87 155
107 137 153 155 152 105 109 143 146 89 136 109 151 121 155 139 127 157 135 105 139 119 140 124 94 166 176 156 97 164
136 168 179 180 179 133 143 161 173 117 169 134 177 148 188 171 148 178 163 132 166 146 169 154 122 188 208 184 122 191
140 171 181 185 176 136 146 173 167 120 172 140 182 146 191 174 157 188 164 132 166 145 171 156 125 197 210 187 127 189
83 113 127 130 126 80 89 117 120 60 115 83 124 95 134 117 101 131 109 79 114 93 112 98 66 140 152 131 71 138
133 161 178 182 178 131 136 169 172 115 158 136 177 147 179 165 153 184 161 131 165 145 165 148 120 193 200 183 123 190
103 135 147 149 146 99 109 134 140 83 136 97 141 115 155 138 118 147 129 99 133 113 134 120 88 155 174 150 90 158
144 176 189 191 188 141 151 177 182 124 177 141 176 157 196 180 161 190 170 140 175 155 176 161 129 198 216 192 132 200
115 146 155 160 153 111 121 148 146 95 147 115 157 120 166 150 132 163 140 109 141 119 147 131 100 172 186 162 102 165
152 180 197 201 198 150 155 188 191 134 179 155 196 166 195 184 172 203 180 150 185 164 184 167 139 212 219 202 142 209
134 166 181 183 181 133 139 171 174 117 165 138 180 150 184 162 155 185 163 133 168 148 168 152 123 195 206 184 125 193
120 153 164 165 164 117 127 148 157 101 153 118 161 132 172 155 131 163 147 117 151 130 153 138 106 173 192 168 106 175
150 183 194 196 194 147 157 178 188 131 184 147 190 163 203 185 163 188 177 147 181 161 183 168 136 199 222 198 137 206
128 160 173 176 171 122 135 163 164 109 161 129 170 140 180 163 147 177 146 123 159 138 161 146 114 186 200 171 117 183
98 130 142 145 140 94 105 132 132 79 131 99 140 109 150 133 117 147 123 89 128 107 130 115 84 156 170 145 86 152
133 164 171 177 170 130 139 166 166 114 165 133 175 141 185 168 151 181 159 128 155 139 165 150 119 190 204 181 120 181
113 144 153 158 151 109 119 146 145 93 145 113 155 119 164 148 130 161 138 107 139 116 144 129 98 170 184 160 100 163
134 163 179 182 178 131 140 169 171 112 165 134 176 147 184 168 153 183 161 130 165 144 157 147 118 192 201 183 123 190
119 146 163 166 162 116 124 154 156 98 148 120 161 131 167 152 138 168 146 115 150 129 147 129 104 177 185 167 108 174
88 119 133 135 132 85 94 122 125 66 120 88 129 100 139 123 106 136 114 84 119 98 118 104 70 145 158 136 76 144
159 192 203 205 203 156 166 188 197 140 193 155 198 172 212 195 173 199 186 156 190 170 192 177 145 205 232 207 146 215
173 198 218 221 217 170 176 208 210 152 200 174 216 186 219 206 192 222 200 170 204 184 201 185 158 232 232 222 162 228
149 182 195 198 194 142 156 184 187 131 183 150 192 162 202 184 168 198 171 145 181 160 183 167 136 207 222 187 139 206
90 122 133 134 133 87 97 122 127 71 123 90 132 102 142 125 106 137 117 86 120 100 123 108 76 146 162 139 75 145
158 189 196 202 193 155 164 191 189 138 190 158 200 165 209 193 175 206 183 152 181 163 190 174 144 215 228 206 145 202
EOF
